0	int eps	1	0	0	0	1
1	int	4	0	0	0	0
2	eps	3	0	0	0	1
3	eps	-1	0	0	1	1
4	int	5	1	0	0	1
5	main	6	1	0	0	1
6	(	7	1	0	0	1
7	)	8	1	0	0	1
8	{	9	1	0	0	1
9	int var switch return	14	0	1	0	1
10	return	11	1	0	0	1
11	const	12	1	0	0	1
12	;	13	1	0	0	1
13	}	-1	1	0	1	1
14	int	19	0	0	0	0
15	var	21	0	0	0	0
16	switch	23	0	0	0	0
17	return break	18	0	0	0	1
18	return break	-1	0	0	1	1
19	int	26	0	1	0	1
20	int var switch return break	14	0	0	0	1
21	var	30	0	1	0	1
22	int var switch return break	14	0	0	0	1
23	switch	33	0	1	0	1
24	int var switch return break	14	0	0	0	1
25	,	27	1	0	0	1
26	int	27	1	0	0	1
27	var	46	0	0	0	1
28	,	25	0	0	0	0
29	;	49	0	0	0	1
30	var	31	1	0	0	1
31	 =	32	1	0	0	1
32	var const (	66	0	0	0	1
33	switch	34	1	0	0	1
34	(	35	1	0	0	1
35	var const (	66	0	1	0	1
36	)	37	1	0	0	1
37	{	38	1	0	0	1
38	case	50	0	1	0	1
39	default	40	1	0	0	1
40	:	41	1	0	0	1
41	int var switch break	14	0	1	0	1
42	break	43	1	0	0	1
43	;	44	1	0	0	1
44	}	-1	1	0	1	1
45	 =	63	1	0	0	1
46	var	47	1	0	0	1
47	; , =	59	0	1	0	1
48	, ;	28	0	0	0	1
49	;	-1	0	0	1	1
50	case	51	1	0	0	1
51	const	54	1	0	0	1
52	;	20	1	0	0	1
53	;	22	1	0	0	1
54	:	55	1	0	0	1
55	int var switch break	14	0	1	0	1
56	break	57	1	0	0	1
57	;	58	1	0	0	1
58	case default	61	0	0	0	1
59	 = 	45	0	0	0	0
60	, ;	64	0	0	0	1
61	case	50	0	0	0	0
62	default	65	0	0	0	1
63	var const (	66	0	0	0	1
64	, ;	-1	0	0	1	1
65	default	-1	0	0	1	1
66	var const	72	0	0	0	0
67	(	68	0	0	0	1
68	(	69	1	0	0	1
69	var const (	66	0	1	0	1
70	)	71	1	0	0	1
71	 + - * == != < > , ; )	74	0	0	0	1
72	var const	76	0	1	0	1
73	 + - * == != < > , ; )	74	0	0	0	1
74	, ; )	78	0	0	0	0
75	 + - * == != < >	79	0	0	0	1
76	var	81	0	0	0	0
77	const	82	0	0	0	1
78	, ; )	-1	0	0	1	1
79	 + - * == != < >	83	0	1	0	1
80	var const (	66	0	0	0	1
81	var	-1	1	0	1	1
82	const	-1	1	0	1	1
83	 +	90	0	0	0	0
84	 -	91	0	0	0	0
85	 *	92	0	0	0	0
86	 ==	93	0	0	0	0
87	 !=	94	0	0	0	0
88	 <	95	0	0	0	0
89	 >	96	0	0	0	1
90	 +	-1	1	0	1	1
91	 -	-1	1	0	1	1
92	 *	-1	1	0	1	1
93	 ==	-1	1	0	1	1
94	 !=	-1	1	0	1	1
95	 <	-1	1	0	1	1
96	 >	-1	1	0	1	1